precision    recall  f1-score   support

           0       0.85      0.92      0.89        38
           1       0.93      0.92      0.92       496
           2       0.84      0.94      0.88       450
           3       0.94      0.76      0.84       280
           4       0.97      0.93      0.95       418
           5       0.85      0.73      0.79       364
           6       1.00      0.93      0.96        59
           7       0.95      0.88      0.91       278
           8       0.71      0.98      0.83       301
           9       0.97      0.94      0.96       268
          10       1.00      0.85      0.92       370
          11       0.95      0.96      0.96       236
          12       0.98      0.98      0.98       450
          13       0.96      0.97      0.97       452
          14       0.99      0.98      0.98       162
          15       0.90      0.99      0.94       120
          16       0.99      0.99      0.99        90
          17       0.97      0.99      0.98       219
          18       0.96      0.99      0.97       231
          19       0.91      0.93      0.92        43
          20       0.81      0.97      0.88        78
          21       0.88      0.90      0.89        63
          22       0.95      0.98      0.97        86
          23       0.98      0.87      0.92       109
          24       0.98      0.83      0.90        59
          25       0.98      0.94      0.96       298
          26       0.96      0.93      0.95       122
          27       1.00      0.79      0.88        47
          28       0.98      0.95      0.96        99
          29       0.85      0.95      0.90        59
          30       0.94      0.93      0.93        95
          31       0.91      0.97      0.94       160
          32       0.69      1.00      0.82        41
          33       0.98      0.96      0.97       138
          34       0.84      1.00      0.91        88
          35       0.98      0.96      0.97       224
          36       0.90      0.99      0.94        80
          37       1.00      1.00      1.00        47
          38       0.97      0.98      0.97       418
          39       1.00      1.00      1.00        58
          40       0.89      0.98      0.94        60
          41       0.93      0.81      0.86        47
          42       0.97      0.90      0.94        41

    accuracy                           0.93      7842
   macro avg       0.93      0.93      0.93      7842
weighted avg       0.93      0.93      0.93      7842